T_MAX: 12
NUM_EPISODES: 5
GAMMA: 0.95
REWARD_THRESHOLD: 9.0
N: 10


Columns: Iteration | Reward | Total time | Avg time episode
0 [-12, 9, -12, 10, -12] 0.010735034942626953 0.00021470069885253903
1 [13, 11, -12, 13, -12] 0.020308971405029297 0.00018462701277299358
2 [11, 10, -12, 12, 10] 0.013951539993286133 0.0001860205332438151
3 [9, 10, 9, -12, 10] 0.057250022888183594 0.00018174610440693204
4 [11, -12, -12, -12, -12] 0.02514171600341797 0.00020951430002848304
5 [-12, -12, -12, -12, 9] 0.08097100257873535 0.00018195730916569744
6 [10, -12, -12, 12, -12] 0.007837295532226562 0.00019593238830566405
7 [-12, -12, -12, -12, 9] 0.32139062881469727 0.00018106514299419567
8 [-12, -12, -12, -12, 10] 0.11436295509338379 0.00018009914187934456
9 [9, 10, -12, 11, 11] 0.11436104774475098 0.0001815254726107159
