T_MAX: 15
NUM_EPISODES: 20
GAMMA: 0.95
REWARD_THRESHOLD: 9.0
N: 10


Columns: Iteration | Reward | Total time | Avg time episode
0 [8, -15, -15, 13, 10, 12, 11, 9, 12, 10, 11, 8, 11, -15, 10, 8, 11, 11, -15, 11] 1.5434379577636719 0.00023244547556681782
1 [8, -15, 7, 8, 12, -15, 7, 7, 12, 6, 9, 8, 12, 8, 8, 10, 10, 9, 6, 7] 0.5869450569152832 0.00022574809881357053
2 [6, 11, 9, 8, 7, 13, 6, 11, 9, 9, 8, 11, 10, -15, 10, 9, 6, 9, -15, 9] 0.7457082271575928 0.0002219369723683312
3 [14, 6, 6, 6, 8, 11, 9, 9, 6, 11, 7, 10, -15, 7, 15, -15, 15, 8, 12, 8] 0.12807798385620117 0.0002371814515855577
4 [10, 6, 7, 9, -15, 7, 12, 10, -15, 9, -15, -15, 9, 6, -15, 6, -15, 7, -15, 7] 0.20862388610839844 0.0002267650935960852
5 [9, 7, -15, -15, -15, 7, -15, 7, -15, 9, -15, 11, 8, -15, 11, 6, -15, 7, 8, 8] 0.9472029209136963 0.00022990362158099425
6 [14, 11, -15, 10, 7, -15, 6, 8, 11, -15, 8, 14, 9, 7, 7, -15, -15, 12, 9, 10] 1.4553966522216797 0.00023028428041482247
7 [12, -15, -15, -15, -15, 14, 8, 6, 9, 10, 8, 7, 9, 7, 8, -15, -15, 7, 6, 6] 0.1013789176940918 0.00022038895150889519
8 [7, -15, 9, 11, -15, 8, 11, 12, 6, -15, 10, 8, 6, 9, -15, -15, -15, 12, -15, 11] 1.263275146484375 0.00022398495505042114
9 [-15, 8, 10, 6, 7, 11, 8, 7, 7, -15, 10, -15, -15, -15, 9, -15, 8, -15, 9, 11] 0.6803996562957764 0.00023301358092321102
